"ANAL";"NPinorganique.ANL";;;;;;;;;;;;;;;;;
"RUN ";"171215A.RUN";;;;;;;;;;;;;;;;;
"DATE";"15/12/2017";;;;;;;;;;;;;;;;;
"TIME";"11:44:46";;;;;;;;;;;;;;;;;
"OPER";"Antoine";;;;;;;;;;;;;;;;;
"COMM";"Test";;;;;;;;;;;;;;;;;
"TYPE";;;;;;;;;"Real";;;"Real";;;"Real";;;
"CHAN";;;;;;;;;1;;;2;;;3;;;
"METH";;;;;;;;;"PO4";;;"NO3";;;"NH4";;;
"UNIT";;;;;;;;;"µmol/L";;;"µmol/L";;;"µmol/L";;;
"Base";;;;;;;;;-5312;;;-6448;;;-7525;;;
"Gain";;;;;;;;;142;;;53;;;117;;;
"Lamp";;;;;;;;;257;;;300;;;292;;;
"Sample ID";"Peak Number";"Cup Number";"Cup Type";"Cup Group";;;"Date Time Stamp";;"Results 1";"AD Values";;"Results 2";"AD Values";;"Results 3";"AD Values";;
"Primer";1;1;"PRIM";0;0;0;"15/12/2017 11:45:51";;9.996;59013;;9.997;59247;;9.966;57902;;
"cal10";2;2;"CALB";0;0;0;"15/12/2017 11:46:51";10.000;9.997;59014;10.000;10.010;59323;10.000;9.970;57925;;
"cal5";3;3;"CALB";0;0;0;"15/12/2017 11:47:51";5.000;4.995;30960;5.000;5.001;31272;5.000;5.058;31460;;
"cal2";4;4;"CALB";0;0;0;"15/12/2017 11:48:51";2.000;2.011;14222;2.000;1.950;14186;2.000;1.970;14824;;
"cal1";5;5;"CALB";0;0;0;"15/12/2017 11:49:51";1.000;1.040;8779;1.000;0.997;8848;1.000;0.970;9435;;
"cal0.5";6;6;"CALB";0;0;0;"15/12/2017 11:50:51";0.500;0.496;5723;0.500;0.480;5952;0.500;0.412;6430;;
"cal0.2";7;7;"CALB";0;0;0;"15/12/2017 11:51:51";0.200;0.195;4036;0.200;0.194;4350;0.200;0.136;4938;;
"cal0.1";8;8;"CALB";0;0;0;"15/12/2017 11:52:51";0.100;0.098;3492;0.100;0.096;3802;0.100;0.003;4222;;
"cal0.05";9;9;"CALB";0;0;0;"15/12/2017 11:53:51";0.050;0.038;3154;0.050;0.078;3699;0.050;-0.039;3999;;
"cal0";10;10;"CALB";0;0;0;"15/12/2017 11:54:51";0.000;-0.018;2841;0.000;0.044;3514;0.000;0.370;6200;;
"Drift";11;11;"DRIF";0;0;0;"15/12/2017 11:55:51";;9.870;58304;;9.973;59114;;9.697;56457;;
"SSW";12;12;"SAMP";0;0;0;"15/12/2017 11:56:51";;-0.007;2903;;0.101;3831;;0.725;8114;;
"SSW";13;13;"SAMP";0;0;0;"15/12/2017 11:57:51";;-0.040;2719;;0.078;3703;;1.005;9625;;
"SSW";14;14;"SAMP";0;0;0;"15/12/2017 11:58:51";;-0.034;2751;;0.059;3594;;1.162;10467;;
"SSW";15;15;"SAMP";0;0;0;"15/12/2017 11:59:51";;11.618;68110;;0.071;3663;;1.293;11177;;
"SSW";16;16;"SAMP";0;0;0;"15/12/2017 12:00:51";;0.000;0;;0.094;3792;;1.278;11094;;
"SSW";17;17;"SAMP";0;0;0;"15/12/2017 12:01:51";;-0.038;2730;;0.051;3550;;1.044;9831;;
"SSW";18;18;"SAMP";0;0;0;"15/12/2017 12:02:51";;-0.040;2718;;0.051;3550;;0.919;9161;;
"SSW";19;19;"SAMP";0;0;0;"15/12/2017 12:03:51";;-0.044;2697;;0.054;3565;;0.819;8619;;
"SSW";20;20;"SAMP";0;0;0;"15/12/2017 12:04:51";;0.029;3106;;0.073;3676;;0.714;8053;;
"SSW";21;21;"SAMP";0;0;0;"15/12/2017 12:05:51";;-0.032;2762;;0.049;3542;;0.815;8597;;
"Cal10";22;22;"SAMP";0;0;0;"15/12/2017 12:06:51";;9.946;58729;;10.152;60116;;9.598;55922;;
"Cal10";23;23;"SAMP";0;0;0;"15/12/2017 12:07:51";;9.997;59014;;10.155;60135;;9.562;55727;;
"Cal10";24;24;"SAMP";0;0;0;"15/12/2017 12:08:51";;9.993;58994;;10.224;60518;;9.618;56031;;
"Cal10";25;25;"SAMP";0;0;0;"15/12/2017 12:09:51";;10.008;59078;;10.157;60148;;9.642;56161;;
"Cal10";26;26;"SAMP";0;0;0;"15/12/2017 12:10:51";;10.003;59048;;10.131;59999;;9.594;55901;;
"Cal10";27;27;"SAMP";0;0;0;"15/12/2017 12:11:51";;10.015;59115;;10.111;59887;;9.608;55978;;
"Cal10";28;28;"SAMP";0;0;0;"15/12/2017 12:12:51";;9.998;59025;;10.078;59702;;9.596;55912;;
"Cal10";29;29;"SAMP";0;0;0;"15/12/2017 12:13:51";;10.004;59056;;10.138;60039;;9.655;56231;;
"Cal10";30;30;"SAMP";0;0;0;"15/12/2017 12:14:51";;14.990;87023;;10.097;59810;;9.683;56379;;
"Cal10";31;31;"SAMP";0;0;0;"15/12/2017 12:15:51";;0.000;0;;10.090;59770;;9.672;56320;;
"Milliq";32;32;"SAMP";0;0;0;"15/12/2017 12:16:51";;0.027;3096;;-0.010;3209;;0.000;0;;
"Milliq";33;33;"SAMP";0;0;0;"15/12/2017 12:17:51";;-0.050;2665;;-0.028;3108;;0.000;0;;
"Milliq";34;34;"SAMP";0;0;0;"15/12/2017 12:18:51";;-0.084;2474;;-0.052;2973;;0.000;0;;
"Milliq";35;35;"SAMP";0;0;0;"15/12/2017 12:19:51";;-0.124;2246;;-0.028;3106;;0.000;0;;
"Milliq";36;36;"SAMP";0;0;0;"15/12/2017 12:20:51";;-0.128;2224;;-0.062;2918;;0.000;0;;
"Milliq";37;37;"SAMP";0;0;0;"15/12/2017 12:21:51";;-0.135;2186;;-0.059;2937;;0.000;0;;
"Milliq";38;38;"SAMP";0;0;0;"15/12/2017 12:22:51";;-0.173;1974;;-0.053;2968;;0.000;0;;
"Milliq";39;39;"SAMP";0;0;0;"15/12/2017 12:23:51";;-0.176;1958;;-0.047;3002;;0.000;0;;
"Milliq";40;40;"SAMP";0;0;0;"15/12/2017 12:24:51";;-0.186;1900;;-0.049;2992;;0.000;0;;
"Milliq";41;41;"SAMP";0;0;0;"15/12/2017 12:25:51";;-0.189;1884;;-0.049;2991;;0.000;0;;
"cal0.05";42;42;"SAMP";0;0;0;"15/12/2017 12:26:51";;-0.128;2228;;0.028;3422;;0.000;0;;
"cal0.05";43;43;"SAMP";0;0;0;"15/12/2017 12:27:51";;-0.134;2193;;0.052;3556;;0.000;0;;
"cal0.05";44;44;"SAMP";0;0;0;"15/12/2017 12:28:51";;-0.138;2171;;0.039;3486;;0.000;0;;
"cal0.05";45;45;"SAMP";0;0;0;"15/12/2017 12:29:51";;-0.145;2132;;0.032;3442;;0.000;0;;
"cal0.05";46;46;"SAMP";0;0;0;"15/12/2017 12:30:51";;-0.142;2149;;0.034;3453;;0.000;0;;
"cal0.05";47;47;"SAMP";0;0;0;"15/12/2017 12:31:51";;-0.131;2206;;0.020;3375;;0.000;0;;
"cal0.05";48;48;"SAMP";0;0;0;"15/12/2017 12:32:51";;-0.141;2152;;0.042;3501;;0.000;0;;
"cal0.05";49;49;"SAMP";0;0;0;"15/12/2017 12:33:51";;-0.151;2099;;0.027;3414;;0.000;0;;
"cal0.05";50;50;"SAMP";0;0;0;"15/12/2017 12:34:51";;-0.135;2187;;0.021;3383;;0.000;0;;
"cal0.05";51;51;"SAMP";0;0;0;"15/12/2017 12:35:51";;-0.145;2128;;0.028;3423;;0.000;0;;
"cal5";52;52;"SAMP";0;0;0;"15/12/2017 12:36:51";;4.824;30002;;4.953;31002;;4.147;26554;;
"cal5";53;53;"SAMP";0;0;0;"15/12/2017 12:37:51";;4.824;30000;;4.960;31039;;4.167;26662;;
"cal5";54;54;"SAMP";0;0;0;"15/12/2017 12:38:51";;4.818;29966;;4.962;31051;;4.180;26727;;
"cal5";55;55;"SAMP";0;0;0;"15/12/2017 12:39:51";;4.843;30108;;4.958;31032;;4.143;26532;;
"cal5";56;56;"SAMP";0;0;0;"15/12/2017 12:40:51";;4.868;30250;;4.996;31242;;5.564;34188;;
"cal5";57;57;"SAMP";0;0;0;"15/12/2017 12:41:51";;4.848;30138;;4.964;31062;;4.123;26421;;
"cal5";58;58;"SAMP";0;0;0;"15/12/2017 12:42:51";;4.841;30098;;4.957;31025;;4.048;26020;;
"cal5";59;59;"SAMP";0;0;0;"15/12/2017 12:43:51";;4.848;30136;;4.963;31059;;4.058;26071;;
"cal5";60;60;"SAMP";0;0;0;"15/12/2017 12:44:51";;4.818;29968;;4.966;31074;;3.997;25743;;
"cal5";61;61;"SAMP";0;0;0;"15/12/2017 12:45:51";;4.814;29943;;4.955;31015;;3.977;25638;;
"Drift";62;62;"DRIF";0;0;0;"15/12/2017 12:46:51";;9.870;58304;;9.973;59114;;9.697;56457;;
"cal0.1";63;63;"SAMP";0;0;0;"15/12/2017 12:47:51";;-0.102;2369;;0.076;3692;;0.000;0;;
"cal0.1";64;64;"SAMP";0;0;0;"15/12/2017 12:48:51";;-0.128;2228;;0.061;3608;;0.000;0;;
"cal0.1";65;65;"SAMP";0;0;0;"15/12/2017 12:49:51";;-0.138;2169;;0.077;3695;;0.000;0;;
"cal0.1";66;66;"SAMP";0;0;0;"15/12/2017 12:50:51";;-0.144;2138;;0.071;3663;;0.000;0;;
"cal0.1";67;67;"SAMP";0;0;0;"15/12/2017 12:51:51";;-0.141;2155;;0.059;3598;;0.000;0;;
"cal0.1";68;68;"SAMP";0;0;0;"15/12/2017 12:52:51";;-0.123;2255;;0.054;3566;;0.000;0;;
"cal0.1";69;69;"SAMP";0;0;0;"15/12/2017 12:53:51";;-0.116;2293;;0.079;3710;;0.000;0;;
"cal0.1";70;70;"SAMP";0;0;0;"15/12/2017 12:54:51";;-0.112;2317;;0.052;3558;;0.000;0;;
"cal0.1";71;71;"SAMP";0;0;0;"15/12/2017 12:55:51";;-0.120;2271;;0.076;3690;;0.000;0;;
"cal0.1";72;72;"SAMP";0;0;0;"15/12/2017 12:56:51";;-0.134;2194;;0.048;3531;;0.000;0;;
"cal2";73;73;"SAMP";0;0;0;"15/12/2017 12:57:51";;1.762;12827;;1.912;13975;;0.074;4607;;
"cal2";74;74;"SAMP";0;0;0;"15/12/2017 12:58:51";;1.766;12849;;1.913;13976;;0.013;4280;;
"cal2";75;75;"SAMP";0;0;0;"15/12/2017 12:59:51";;1.760;12814;;1.911;13964;;-0.025;4073;;
"cal2";76;76;"SAMP";0;0;0;"15/12/2017 13:00:51";;1.770;12871;;1.907;13947;;-0.033;4029;;
"cal2";77;77;"SAMP";0;0;0;"15/12/2017 13:01:51";;1.767;12856;;1.906;13940;;-0.070;3828;;
"cal2";78;78;"SAMP";0;0;0;"15/12/2017 13:02:51";;1.769;12865;;1.921;14025;;-0.063;3870;;
"cal2";79;79;"SAMP";0;0;0;"15/12/2017 13:03:51";;1.768;12860;;1.910;13960;;-0.108;3626;;
"cal2";80;80;"SAMP";0;0;0;"15/12/2017 13:04:51";;1.756;12795;;1.911;13964;;-0.153;3385;;
"cal2";81;81;"SAMP";0;0;0;"15/12/2017 13:05:51";;1.739;12698;;1.918;14006;;-0.095;3694;;
"cal2";82;82;"SAMP";0;0;0;"15/12/2017 13:06:51";;1.731;12650;;1.909;13954;;-0.114;3591;;
"cal0.2";83;83;"SAMP";0;0;0;"15/12/2017 13:07:51";;-0.085;2469;;0.164;4185;;0.000;0;;
"cal0.2";84;84;"SAMP";0;0;0;"15/12/2017 13:08:51";;-0.119;2277;;0.146;4083;;0.000;0;;
"cal0.2";85;85;"SAMP";0;0;0;"15/12/2017 13:09:51";;-0.122;2260;;0.145;4075;;0.000;0;;
"cal0.2";86;86;"SAMP";0;0;0;"15/12/2017 13:10:51";;-0.128;2224;;0.145;4075;;0.000;0;;
"cal0.2";87;87;"SAMP";0;0;0;"15/12/2017 13:11:51";;-0.132;2205;;0.151;4111;;0.000;0;;
"cal0.2";88;88;"SAMP";0;0;0;"15/12/2017 13:12:51";;-0.142;2146;;0.155;4134;;0.000;0;;
"cal0.2";89;89;"SAMP";0;0;0;"15/12/2017 13:13:51";;-0.137;2176;;0.151;4108;;0.000;0;;
"cal0.2";90;90;"SAMP";0;0;0;"15/12/2017 13:14:51";;-0.148;2111;;0.162;4171;;0.000;0;;
"cal0.2";91;91;"SAMP";0;0;0;"15/12/2017 13:15:51";;-0.144;2136;;0.155;4135;;0.000;0;;
"cal0.2";92;92;"SAMP";0;0;0;"15/12/2017 13:16:51";;-0.154;2081;;0.141;4054;;0.000;0;;
"cal1";93;93;"SAMP";0;0;0;"15/12/2017 13:17:51";;0.687;6799;;0.971;8701;;0.000;0;;
"cal1";94;94;"SAMP";0;0;0;"15/12/2017 13:18:51";;0.685;6784;;0.963;8657;;0.000;0;;
"cal1";95;95;"SAMP";0;0;0;"15/12/2017 13:19:51";;0.681;6765;;0.954;8606;;0.000;0;;
"cal1";96;96;"SAMP";0;0;0;"15/12/2017 13:20:51";;0.697;6852;;0.948;8575;;0.000;0;;
"cal1";97;97;"SAMP";0;0;0;"15/12/2017 13:21:51";;0.704;6894;;0.979;8747;;0.000;0;;
"cal1";98;98;"SAMP";0;0;0;"15/12/2017 13:22:51";;0.698;6860;;0.950;8584;;0.000;0;;
"cal1";99;99;"SAMP";0;0;0;"15/12/2017 13:23:51";;0.704;6891;;0.962;8654;;0.000;0;;
"cal1";100;100;"SAMP";0;0;0;"15/12/2017 13:24:51";;0.695;6844;;0.956;8617;;0.000;0;;
"cal1";101;101;"SAMP";0;0;0;"15/12/2017 13:25:51";;0.676;6735;;0.949;8577;;0.000;0;;
"cal1";102;102;"SAMP";0;0;0;"15/12/2017 13:26:51";;0.657;6630;;0.949;8579;;0.000;0;;
"H2O Stareso";103;103;"SAMP";0;0;0;"15/12/2017 13:27:51";;-0.398;713;;-0.016;3177;;0.000;0;;
"H2O Stareso";104;104;"SAMP";0;0;0;"15/12/2017 13:28:51";;-0.420;590;;-0.020;3152;;0.000;0;;
"H2O Stareso";105;105;"SAMP";0;0;0;"15/12/2017 13:29:51";;-0.416;610;;-0.027;3112;;0.000;0;;
"H2O Stareso";106;106;"SAMP";0;0;0;"15/12/2017 13:30:51";;-0.431;525;;-0.026;3120;;0.000;0;;
"H2O Stareso";107;107;"SAMP";0;0;0;"15/12/2017 13:31:51";;-0.446;444;;-0.028;3109;;0.000;0;;
"H2O Stareso";108;108;"SAMP";0;0;0;"15/12/2017 13:32:51";;-0.442;467;;-0.030;3098;;0.000;0;;
"H2O Stareso";109;109;"SAMP";0;0;0;"15/12/2017 13:33:51";;-0.442;462;;-0.032;3088;;0.000;0;;
"H2O Stareso";110;110;"SAMP";0;0;0;"15/12/2017 13:34:51";;-0.425;561;;-0.032;3085;;0.000;0;;
"H2O Stareso";111;111;"SAMP";0;0;0;"15/12/2017 13:35:51";;-0.415;613;;-0.024;3129;;0.000;0;;
"H2O Stareso";112;112;"SAMP";0;0;0;"15/12/2017 13:36:51";;-0.416;611;;-0.020;3154;;0.000;0;;
"Drift";113;113;"DRIF";0;0;0;"15/12/2017 13:37:51";;9.870;58304;;9.973;59114;;6.510;39284;;
"High";114;114;"HIGH";0;1;1;"15/12/2017 13:38:51";;9.548;56499;;9.851;58434;;6.612;39831;;
"Low";115;115;"LOW ";0;1;2;"15/12/2017 13:39:51";;-0.366;892;;-0.017;3169;;0.000;0;;
"Low";116;116;"LOW ";0;1;3;"15/12/2017 13:40:51";;-0.291;1312;;-0.017;3169;;0.000;0;;
"Recovery std NO2 (1 )";117;117;"UNKNOWN";0;1;1;"15/12/2017 13:41:51";;-0.408;654;;12.130;71195;;0.000;0;;
"Recovery std NO3 (1 )";118;118;"UNKNOWN";0;1;2;"15/12/2017 13:42:51";;9.664;57151;;9.921;58821;;5.891;35948;;
"End";119;0;"END ";0;0;0;"15/12/2017 13:43:51";;0.101;3511;;-0.008;3218;;0.028;4358;;
