"ANAL";"NPinorganique.ANL";;;;;;;;;;;;;;;;;
"RUN ";"180424C.RUN";;;;;;;;;;;;;;;;;
"DATE";"24/04/2018";;;;;;;;;;;;;;;;;
"TIME";"17:39:30";;;;;;;;;;;;;;;;;
"OPER";"Antoine";;;;;;;;;;;;;;;;;
"COMM";"mesocosm_monitoring";;;;;;;;;;;;;;;;;
"TYPE";;;;;;;;;"Real";;;"Real";;;"Real";;;
"CHAN";;;;;;;;;1;;;2;;;3;;;
"METH";;;;;;;;;"PO4";;;"NO3";;;"NH4";;;
"UNIT";;;;;;;;;"µmol/L";;;"µmol/L";;;"µmol/L";;;
"Base";;;;;;;;;-5338;;;-6697;;;-8315;;;
"Gain";;;;;;;;;151;;;49;;;149;;;
"Lamp";;;;;;;;;257;;;300;;;292;;;
"Sample ID";"Peak Number";"Cup Number";"Cup Type";"Cup Group";;;"Date Time Stamp";;"Results 1";"AD Values";;"Results 2";"AD Values";;"Results 3";"AD Values";;
"Primer";1;1;"PRIM";0;0;0;"24/04/2018 17:41:34";;10.045;58729;;9.876;57682;;9.514;54802;;
"cal10";2;2;"CALB";0;0;0;"24/04/2018 17:42:34";10.000;9.971;58322;10.000;9.890;57754;10.000;9.645;55558;;
"cal5";3;3;"CALB";0;0;0;"24/04/2018 17:43:34";5.000;5.051;31346;5.000;5.213;32205;5.000;5.629;32368;;
"cal2";4;4;"CALB";0;0;0;"24/04/2018 17:44:34";2.000;2.022;14737;2.000;2.019;14759;2.000;2.010;11469;;
"cal1";5;5;"CALB";0;0;0;"24/04/2018 17:45:34";1.000;0.989;9072;1.000;0.961;8979;1.000;0.898;5049;;
"cal0.5";6;6;"CALB";0;0;0;"24/04/2018 17:46:34";0.500;0.500;6388;0.500;0.462;6248;0.500;0.388;2103;;
"cal0.1";7;7;"CALB";0;0;0;"24/04/2018 17:47:34";0.100;0.067;4014;0.100;0.055;4028;0.100;0.030;40;;
"Drift";8;8;"DRIF";0;0;0;"24/04/2018 17:48:34";;10.054;58780;;9.903;57825;;9.343;53814;;
"mm001";9;9;"SAMP";0;0;0;"24/04/2018 17:49:34";;0.100;4198;;0.261;5151;;2.293;13103;;
"mm002";10;10;"SAMP";0;0;0;"24/04/2018 17:50:34";;1.461;11660;;0.436;6107;;1.989;11351;;
"mm003";11;11;"SAMP";0;0;0;"24/04/2018 17:51:34";;1.503;11892;;0.689;7490;;2.630;15050;;
"mm004";12;12;"SAMP";0;0;0;"24/04/2018 17:52:34";;0.122;4318;;0.119;4376;;1.947;11109;;
"mm005";13;13;"SAMP";0;0;0;"24/04/2018 17:53:34";;0.127;4347;;0.094;4240;;1.957;11166;;
"mm006";14;14;"SAMP";0;0;0;"24/04/2018 17:54:34";;0.135;4387;;0.175;4682;;2.481;14193;;
"mm007";15;15;"SAMP";0;0;0;"24/04/2018 17:55:34";;0.113;4267;;0.174;4676;;1.508;8570;;
"mm008";16;16;"SAMP";0;0;0;"24/04/2018 17:56:34";;1.473;11725;;0.575;6869;;1.736;9888;;
"mm009";17;17;"SAMP";0;0;0;"24/04/2018 17:57:34";;1.441;11548;;0.136;4472;;1.627;9257;;
"mm010";18;18;"SAMP";0;0;0;"24/04/2018 17:58:34";;1.424;11456;;0.187;4751;;1.348;7648;;
"mm011";19;19;"SAMP";0;0;0;"24/04/2018 17:59:34";;1.446;11579;;0.337;5568;;1.661;9454;;
"mm012";20;20;"SAMP";0;0;0;"24/04/2018 18:00:34";;0.109;4244;;0.113;4346;;1.439;8175;;
"mm013";21;21;"SAMP";0;0;0;"24/04/2018 18:01:34";;1.401;11328;;0.444;6152;;1.477;8391;;
"mm014";22;22;"SAMP";0;0;0;"24/04/2018 18:02:34";;1.342;11009;;2.632;18108;;3.119;17875;;
"mm015";23;23;"SAMP";0;0;0;"24/04/2018 18:03:34";;1.421;11440;;0.449;6180;;1.979;11292;;
"mm016";24;24;"SAMP";0;0;0;"24/04/2018 18:04:34";;1.540;12093;;0.703;7567;;1.647;9375;;
"mm017";25;25;"SAMP";0;0;0;"24/04/2018 18:05:34";;1.566;12234;;0.162;4614;;1.456;8269;;
"mm018";26;26;"SAMP";0;0;0;"24/04/2018 18:06:34";;1.459;11649;;0.742;7779;;1.403;7968;;
"mm019";27;27;"SAMP";0;0;0;"24/04/2018 18:07:34";;0.124;4329;;0.152;4557;;1.089;6150;;
"mm020";28;28;"SAMP";0;0;0;"24/04/2018 18:08:34";;0.127;4345;;1.111;9795;;1.087;6140;;
"mm021";29;29;"SAMP";0;0;0;"24/04/2018 18:09:34";;1.567;12240;;0.202;4828;;1.694;9643;;
"mm022";30;30;"SAMP";0;0;0;"24/04/2018 18:10:34";;0.121;4312;;0.131;4442;;0.930;5233;;
"mm023";31;31;"SAMP";0;0;0;"24/04/2018 18:11:34";;1.434;11512;;0.511;6521;;1.094;6182;;
"mm024";32;32;"SAMP";0;0;0;"24/04/2018 18:12:34";;1.540;12090;;0.180;4711;;1.138;6433;;
"mm025";33;33;"SAMP";0;0;0;"24/04/2018 18:13:34";;0.123;4320;;0.219;4921;;1.025;5783;;
"mm026";34;34;"SAMP";0;0;0;"24/04/2018 18:14:34";;0.115;4279;;0.572;6852;;1.079;6093;;
"mm027";35;35;"SAMP";0;0;0;"24/04/2018 18:15:34";;1.505;11899;;0.197;4801;;1.213;6867;;
"mm028";36;36;"SAMP";0;0;0;"24/04/2018 18:16:34";;0.122;4317;;0.185;4739;;0.834;4681;;
"mm029";37;37;"SAMP";0;0;0;"24/04/2018 18:17:34";;1.524;12004;;0.600;7005;;1.522;8652;;
"mm030";38;38;"SAMP";0;0;0;"24/04/2018 18:18:34";;0.120;4304;;0.110;4328;;0.994;5605;;
"mm031";39;39;"SAMP";0;0;0;"24/04/2018 18:19:34";;0.122;4316;;0.132;4449;;0.582;3223;;
"mm032";40;40;"SAMP";0;0;0;"24/04/2018 18:20:34";;1.450;11601;;0.176;4687;;0.831;4661;;
"mm033";41;41;"SAMP";0;0;0;"24/04/2018 18:21:34";;0.148;4461;;0.371;5754;;1.149;6496;;
"mm034";42;42;"SAMP";0;0;0;"24/04/2018 18:22:34";;1.435;11519;;0.546;6708;;0.682;3802;;
"mm035";43;43;"SAMP";0;0;0;"24/04/2018 18:23:34";;0.123;4321;;0.151;4552;;0.733;4096;;
"mm036";44;44;"SAMP";0;0;0;"24/04/2018 18:24:34";;1.458;11643;;0.615;7084;;1.148;6494;;
"mm037";45;45;"SAMP";0;0;0;"24/04/2018 18:25:34";;0.112;4263;;1.044;9431;;0.728;4066;;
"mm038";46;46;"SAMP";0;0;0;"24/04/2018 18:26:34";;0.109;4248;;0.176;4689;;0.727;4061;;
"mm039";47;47;"SAMP";0;0;0;"24/04/2018 18:27:34";;1.464;11678;;0.473;6309;;0.835;4685;;
"Drift";48;48;"DRIF";0;0;0;"24/04/2018 18:28:34";;10.054;58780;;9.903;57825;;9.343;53814;;
"mm040";49;49;"SAMP";0;0;0;"24/04/2018 18:29:34";;0.108;4242;;0.281;5261;;0.946;5326;;
"mm041";50;50;"SAMP";0;0;0;"24/04/2018 18:30:34";;1.471;11715;;0.138;4480;;0.643;3579;;
"mm042";51;51;"SAMP";0;0;0;"24/04/2018 18:31:34";;0.119;4298;;0.138;4478;;0.876;4924;;
"mm043";52;52;"SAMP";0;0;0;"24/04/2018 18:32:34";;0.138;4407;;0.132;4448;;0.816;4574;;
"mm044";53;53;"SAMP";0;0;0;"24/04/2018 18:33:34";;1.510;11928;;0.509;6507;;0.977;5508;;
"mm045";54;54;"SAMP";0;0;0;"24/04/2018 18:34:34";;0.124;4327;;0.128;4426;;0.730;4080;;
"mm046";55;55;"SAMP";0;0;0;"24/04/2018 18:35:34";;0.112;4262;;0.729;7710;;0.981;5530;;
"mm047";56;56;"SAMP";0;0;0;"24/04/2018 18:36:34";;0.169;4575;;0.136;4470;;0.212;1086;;
"mm048";57;57;"SAMP";0;0;0;"24/04/2018 18:37:34";;1.513;11942;;0.444;6154;;0.690;3850;;
"Drift";58;58;"DRIF";0;0;0;"24/04/2018 18:38:34";;10.054;58780;;9.903;57825;;9.343;53814;;
"High";59;59;"HIGH";0;3;1;"24/04/2018 18:39:34";;9.970;58317;;9.768;57091;;8.046;46324;;
"Low";60;60;"LOW ";0;3;2;"24/04/2018 18:40:34";;0.073;4048;;0.055;4026;;0.024;1;;
"Low";61;61;"LOW ";0;3;3;"24/04/2018 18:41:34";;0.073;4048;;0.055;4026;;0.024;1;;
"End";62;0;"END ";0;0;0;"24/04/2018 18:42:34";;-0.060;3319;;-0.079;3295;;0.024;1;;
