"ANAL";"NPinorganique.ANL";;;;;;;;;;;;;;;;;
"RUN ";"180425B.RUN";;;;;;;;;;;;;;;;;
"DATE";"25/04/2018";;;;;;;;;;;;;;;;;
"TIME";"15:54:03";;;;;;;;;;;;;;;;;
"OPER";"Antoine";;;;;;;;;;;;;;;;;
"COMM";"mesocosm_monitoring";;;;;;;;;;;;;;;;;
"TYPE";;;;;;;;;"Real";;;"Real";;;"Real";;;
"CHAN";;;;;;;;;1;;;2;;;3;;;
"METH";;;;;;;;;"PO4";;;"NO3";;;"NH4";;;
"UNIT";;;;;;;;;"µmol/L";;;"µmol/L";;;"µmol/L";;;
"Base";;;;;;;;;-5369;;;-6682;;;-8161;;;
"Gain";;;;;;;;;149;;;50;;;160;;;
"Lamp";;;;;;;;;257;;;300;;;292;;;
"Sample ID";"Peak Number";"Cup Number";"Cup Type";"Cup Group";;;"Date Time Stamp";;"Results 1";"AD Values";;"Results 2";"AD Values";;"Results 3";"AD Values";;
"Primer";1;1;"PRIM";0;0;0;"25/04/2018 15:57:51";;10.023;58261;;9.953;58796;;9.818;55283;;
"cal10";2;2;"CALB";0;0;0;"25/04/2018 15:58:51";10.000;9.982;58040;10.000;9.961;58844;10.000;9.835;55377;;
"cal5";3;3;"CALB";0;0;0;"25/04/2018 15:59:51";5.000;5.027;31022;5.000;5.065;31727;5.000;5.353;30680;;
"cal2";4;4;"CALB";0;0;0;"25/04/2018 16:00:51";2.000;2.026;14664;2.000;2.043;14992;2.000;1.892;11606;;
"cal1";5;5;"CALB";0;0;0;"25/04/2018 16:01:51";1.000;0.989;9009;1.000;0.975;9073;1.000;0.890;6082;;
"cal0.5";6;6;"CALB";0;0;0;"25/04/2018 16:02:51";0.500;0.498;6333;0.500;0.489;6384;0.500;0.563;4285;;
"cal0.1";7;7;"CALB";0;0;0;"25/04/2018 16:03:51";0.100;0.077;4033;0.100;0.066;4043;0.100;0.067;1548;;
"Drift";8;8;"DRIF";0;0;0;"25/04/2018 16:04:51";;10.071;58524;;9.963;58851;;9.701;54636;;
"mm049";9;9;"SAMP";0;0;0;"25/04/2018 16:05:51";;0.187;4633;;0.309;5389;;1.100;7244;;
"mm050";10;10;"SAMP";0;0;0;"25/04/2018 16:06:51";;1.489;11732;;0.548;6710;;1.281;8242;;
"mm051";11;11;"SAMP";0;0;0;"25/04/2018 16:07:51";;1.530;11957;;0.121;4343;;1.110;7298;;
"mm052";12;12;"SAMP";0;0;0;"25/04/2018 16:08:51";;0.137;4364;;0.272;5184;;1.718;10646;;
"mm053";13;13;"SAMP";0;0;0;"25/04/2018 16:09:51";;1.512;11861;;0.549;6713;;1.424;9028;;
"mm054";14;14;"SAMP";0;0;0;"25/04/2018 16:10:51";;1.573;12191;;0.254;5081;;1.279;8226;;
"mm055";15;15;"SAMP";0;0;0;"25/04/2018 16:11:51";;0.177;4581;;0.322;5461;;1.156;7552;;
"mm056";16;16;"SAMP";0;0;0;"25/04/2018 16:12:51";;1.457;11560;;0.223;4909;;1.370;8728;;
"mm057";17;17;"SAMP";0;0;0;"25/04/2018 16:13:51";;0.154;4457;;0.214;4859;;1.284;8257;;
"mm058";18;18;"SAMP";0;0;0;"25/04/2018 16:14:51";;1.621;12455;;0.300;5335;;1.647;10255;;
"mm059";19;19;"SAMP";0;0;0;"25/04/2018 16:15:51";;0.128;4316;;0.074;4083;;1.306;8375;;
"mm060";20;20;"SAMP";0;0;0;"25/04/2018 16:16:51";;1.468;11619;;0.141;4458;;1.370;8727;;
"mm061";21;21;"SAMP";0;0;0;"25/04/2018 16:17:51";;0.103;4176;;0.353;5629;;1.178;7674;;
"mm062";22;22;"SAMP";0;0;0;"25/04/2018 16:18:51";;0.137;4364;;0.161;4564;;1.305;8370;;
"mm063";23;23;"SAMP";0;0;0;"25/04/2018 16:19:51";;0.187;4635;;0.343;5573;;1.308;8390;;
"mm064";24;24;"SAMP";0;0;0;"25/04/2018 16:20:51";;1.417;11339;;0.585;6915;;1.629;10155;;
"mm065";25;25;"SAMP";0;0;0;"25/04/2018 16:21:51";;0.160;4489;;0.301;5344;;1.975;12062;;
"mm066";26;26;"SAMP";0;0;0;"25/04/2018 16:22:51";;1.461;11582;;0.560;6774;;1.686;10470;;
"mm067";27;27;"SAMP";0;0;0;"25/04/2018 16:23:51";;0.139;4372;;0.258;5106;;1.702;10559;;
"mm067";28;28;"SAMP";0;0;0;"25/04/2018 16:24:51";;0.150;4435;;0.199;4777;;1.204;7816;;
"mm068";29;29;"SAMP";0;0;0;"25/04/2018 16:25:51";;1.551;12072;;0.192;4741;;1.135;7436;;
"mm069";30;30;"SAMP";0;0;0;"25/04/2018 16:26:51";;0.136;4358;;0.168;4607;;1.145;7489;;
"mm070";31;31;"SAMP";0;0;0;"25/04/2018 16:27:51";;1.562;12133;;0.123;4356;;1.405;8923;;
"mm072";32;32;"SAMP";0;0;0;"25/04/2018 16:28:51";;1.525;11931;;0.220;4893;;1.219;7898;;
"mm073";33;33;"SAMP";0;0;0;"25/04/2018 16:29:51";;1.416;11334;;0.170;4617;;1.236;7989;;
"mm074";34;34;"SAMP";0;0;0;"25/04/2018 16:30:51";;0.123;4284;;0.232;4960;;1.227;7944;;
"mm075";35;35;"SAMP";0;0;0;"25/04/2018 16:31:51";;0.150;4436;;0.258;5104;;1.647;10258;;
"Drift";36;36;"DRIF";0;0;0;"25/04/2018 16:32:51";;10.071;58524;;9.963;58851;;9.701;54636;;
"mm076";37;37;"SAMP";0;0;0;"25/04/2018 16:33:51";;0.097;4147;;0.021;3789;;1.016;6781;;
"mm077";38;38;"SAMP";0;0;0;"25/04/2018 16:34:51";;1.488;11728;;0.451;6172;;1.266;8159;;
"mm078";39;39;"SAMP";0;0;0;"25/04/2018 16:35:51";;0.150;4431;;0.194;4749;;1.418;8992;;
"mm079";40;40;"SAMP";0;0;0;"25/04/2018 16:36:51";;1.510;11847;;0.321;5452;;1.566;9811;;
"mm080";41;41;"SAMP";0;0;0;"25/04/2018 16:37:51";;1.487;11725;;0.190;4728;;1.164;7594;;
"mm081";42;42;"SAMP";0;0;0;"25/04/2018 16:38:51";;1.560;12119;;0.541;6673;;1.681;10445;;
"mm082";43;43;"SAMP";0;0;0;"25/04/2018 16:39:51";;1.544;12031;;0.566;6807;;1.596;9973;;
"mm083";44;44;"SAMP";0;0;0;"25/04/2018 16:40:51";;1.451;11528;;0.566;6811;;1.697;10534;;
"mm084";45;45;"SAMP";0;0;0;"25/04/2018 16:41:51";;0.177;4579;;0.433;6072;;1.141;7466;;
"mm085";46;46;"SAMP";0;0;0;"25/04/2018 16:42:51";;0.156;4467;;0.202;4792;;1.448;9159;;
"mm086";47;47;"SAMP";0;0;0;"25/04/2018 16:43:51";;0.141;4385;;0.161;4566;;1.231;7962;;
"mm087";48;48;"SAMP";0;0;0;"25/04/2018 16:44:51";;1.561;12125;;0.354;5637;;1.584;9908;;
"mm088";49;50;"SAMP";0;0;0;"25/04/2018 16:45:51";;0.150;4433;;0.207;4820;;1.593;9956;;
"mm089";50;50;"SAMP";0;0;0;"25/04/2018 16:46:51";;0.147;4419;;0.198;4773;;1.546;9697;;
"mm090";51;51;"SAMP";0;0;0;"25/04/2018 16:47:51";;0.125;4299;;0.495;6414;;1.495;9418;;
"mm091";52;52;"SAMP";0;0;0;"25/04/2018 16:48:51";;0.194;4673;;0.452;6177;;2.266;13668;;
"mm092";53;53;"SAMP";0;0;0;"25/04/2018 16:49:51";;1.417;11339;;0.449;6164;;1.619;10102;;
"mm093";54;54;"SAMP";0;0;0;"25/04/2018 16:50:51";;1.419;11350;;0.196;4759;;1.566;9809;;
"mm094";55;55;"SAMP";0;0;0;"25/04/2018 16:51:51";;1.442;11477;;0.219;4889;;1.005;6719;;
"mm095";56;56;"SAMP";0;0;0;"25/04/2018 16:52:51";;0.138;4366;;0.293;5299;;1.503;9464;;
"mm096";57;57;"SAMP";0;0;0;"25/04/2018 16:53:51";;1.407;11288;;0.467;6263;;1.716;10635;;
"mm097";58;58;"SAMP";0;0;0;"25/04/2018 16:54:51";;0.178;4587;;0.618;7096;;2.885;17080;;
"Drift";59;59;"DRIF";0;0;0;"25/04/2018 16:55:51";;10.071;58524;;9.963;58851;;9.701;54636;;
"High";60;60;"HIGH";0;3;1;"25/04/2018 16:56:51";;9.962;57931;;9.799;57946;;9.199;51872;;
"Low";61;61;"LOW ";0;3;2;"25/04/2018 16:57:51";;0.100;4161;;0.091;4178;;0.000;0;;
"Low";62;62;"LOW ";0;3;3;"25/04/2018 16:58:51";;0.100;4161;;0.112;4294;;0.514;4014;;
"End";63;0;"END ";0;0;0;"25/04/2018 16:59:51";;-0.036;3421;;-0.057;3357;;-0.214;1;;
