"ANAL";"NPinorganique.ANL";;;;;;;;;;;;;;;;;
"RUN ";"180516A.RUN";;;;;;;;;;;;;;;;;
"DATE";"16/05/2018";;;;;;;;;;;;;;;;;
"TIME";"15:02:23";;;;;;;;;;;;;;;;;
"OPER";"Antoine";;;;;;;;;;;;;;;;;
"COMM";"coral_salinity002";;;;;;;;;;;;;;;;;
"TYPE";;;;;;;;;"Real";;;"Real";;;"Real";;;
"CHAN";;;;;;;;;1;;;2;;;3;;;
"METH";;;;;;;;;"PO4";;;"NO3";;;"NH4";;;
"UNIT";;;;;;;;;"µmol/L";;;"µmol/L";;;"µmol/L";;;
"Base";;;;;;;;;-5519;;;-6593;;;-7985;;;
"Gain";;;;;;;;;152;;;54;;;162;;;
"Lamp";;;;;;;;;257;;;300;;;292;;;
"Sample ID";"Peak Number";"Cup Number";"Cup Type";"Cup Group";;;"Date Time Stamp";;"Results 1";"AD Values";;"Results 2";"AD Values";;"Results 3";"AD Values";;
"Primer";1;1;"PRIM";0;0;0;"16/05/2018 15:03:19";;9.995;59224;;9.903;62412;;9.491;56078;;
"cal10";2;2;"CALB";0;0;0;"16/05/2018 15:04:19";10.000;10.004;59274;10.000;9.958;62738;10.000;9.893;58206;;
"cal5";3;3;"CALB";0;0;0;"16/05/2018 15:05:19";5.000;4.984;31352;5.000;5.058;33690;5.000;5.230;33522;;
"cal2";4;4;"CALB";0;0;0;"16/05/2018 15:06:19";2.000;2.017;14847;2.000;2.073;15999;2.000;1.998;16412;;
"cal1";5;5;"CALB";0;0;0;"16/05/2018 15:07:19";1.000;1.008;9238;1.000;0.989;9576;1.000;0.812;10136;;
"cal0.5";6;6;"CALB";0;0;0;"16/05/2018 15:08:19";0.500;0.509;6461;0.500;0.469;6494;0.500;0.389;7893;;
"cal0.1";7;7;"CALB";0;0;0;"16/05/2018 15:09:19";0.100;0.079;4068;0.100;0.052;4021;0.100;0.277;7305;;
"Drift";8;8;"DRIF";0;0;0;"16/05/2018 15:10:19";;9.962;59042;;9.864;62177;;9.953;58520;;
"cs182";9;9;"SAMP";0;0;0;"16/05/2018 15:11:19";;0.709;7575;;0.064;4093;;0.875;10469;;
"cs183";10;10;"SAMP";0;0;0;"16/05/2018 15:12:19";;0.871;8477;;0.125;4451;;1.363;13053;;
"cs184";11;11;"SAMP";0;0;0;"16/05/2018 15:13:19";;0.956;8950;;0.784;8359;;1.359;13029;;
"cs185";12;12;"SAMP";0;0;0;"16/05/2018 15:14:19";;0.862;8427;;0.114;4386;;1.427;13391;;
"cs186";13;13;"SAMP";0;0;0;"16/05/2018 15:15:19";;0.948;8902;;0.731;8042;;1.244;12421;;
"cs187";14;14;"SAMP";0;0;0;"16/05/2018 15:16:19";;0.733;7709;;0.150;4603;;1.662;14633;;
"cs188";15;15;"SAMP";0;0;0;"16/05/2018 15:17:19";;0.733;7708;;0.123;4443;;1.683;14743;;
"cs189";16;16;"SAMP";0;0;0;"16/05/2018 15:18:19";;0.728;7681;;0.074;4153;;1.271;12562;;
"cs190";17;17;"SAMP";0;0;0;"16/05/2018 15:19:19";;0.825;8221;;0.051;4014;;1.184;12102;;
"cs191";18;18;"SAMP";0;0;0;"16/05/2018 15:20:19";;0.824;8212;;0.035;3917;;1.017;11222;;
"cs192";19;19;"SAMP";0;0;0;"16/05/2018 15:21:19";;0.784;7990;;0.061;4071;;1.155;11952;;
"cs193";20;20;"SAMP";0;0;0;"16/05/2018 15:22:19";;0.697;7508;;0.011;3778;;0.929;10752;;
"cs194";21;21;"SAMP";0;0;0;"16/05/2018 15:23:19";;1.050;9468;;0.975;9491;;1.486;13704;;
"cs195";22;22;"SAMP";0;0;0;"16/05/2018 15:24:19";;0.705;7550;;0.118;4408;;1.616;14391;;
"cs196";23;23;"SAMP";0;0;0;"16/05/2018 15:25:19";;1.039;9410;;1.069;10047;;1.801;15372;;
"cs197";24;24;"SAMP";0;0;0;"16/05/2018 15:26:19";;0.709;7572;;0.051;4016;;1.176;12061;;
"cs198";25;25;"SAMP";0;0;0;"16/05/2018 15:27:19";;0.874;8493;;0.456;6415;;1.418;13344;;
"cs199";26;26;"SAMP";0;0;0;"16/05/2018 15:28:19";;0.856;8391;;0.167;4702;;2.065;16767;;
"cs200";27;27;"SAMP";0;0;0;"16/05/2018 15:29:19";;0.799;8076;;-0.007;3669;;1.114;11733;;
"cs201";28;28;"SAMP";0;0;0;"16/05/2018 15:30:19";;0.708;7570;;0.011;3776;;1.283;12628;;
"cs202";29;29;"SAMP";0;0;0;"16/05/2018 15:31:19";;1.002;9206;;0.693;7820;;1.433;13422;;
"cs203";30;30;"SAMP";0;0;0;"16/05/2018 15:32:19";;0.690;7466;;0.087;4230;;1.686;14763;;
"cs204";31;31;"SAMP";0;0;0;"16/05/2018 15:33:19";;0.836;8279;;0.117;4405;;1.692;14794;;
"cs205";32;32;"SAMP";0;0;0;"16/05/2018 15:34:19";;0.929;8797;;0.771;8280;;1.643;14533;;
"cs206";33;33;"SAMP";0;0;0;"16/05/2018 15:35:19";;0.770;7913;;-0.017;3612;;0.996;11107;;
"cs207";34;34;"SAMP";0;0;0;"16/05/2018 15:36:19";;0.806;8115;;0.086;4222;;1.735;15021;;
"cs208";35;35;"SAMP";0;0;0;"16/05/2018 15:37:19";;0.840;8301;;0.114;4389;;2.042;16644;;
"Drift";36;36;"DRIF";0;0;0;"16/05/2018 15:38:19";;9.962;59042;;9.864;62177;;9.953;58520;;
"cs209";37;37;"SAMP";0;0;0;"16/05/2018 15:39:19";;0.808;8122;;0.053;4025;;1.281;12618;;
"cs210";38;38;"SAMP";0;0;0;"16/05/2018 15:40:19";;1.010;9250;;0.631;7451;;1.456;13544;;
"cs211";39;39;"SAMP";0;0;0;"16/05/2018 15:41:19";;0.657;7287;;0.010;3771;;0.931;10766;;
"cs212";40;40;"SAMP";0;0;0;"16/05/2018 15:42:19";;0.705;7552;;0.118;4413;;1.651;14577;;
"cs213";41;41;"SAMP";0;0;0;"16/05/2018 15:43:19";;0.784;7988;;0.060;4066;;1.029;11282;;
"cs214";42;42;"SAMP";0;0;0;"16/05/2018 15:44:19";;0.832;8260;;0.421;6207;;2.075;16818;;
"cs215";43;43;"SAMP";0;0;0;"16/05/2018 15:45:19";;0.635;7164;;0.020;3828;;0.951;10872;;
"cs216";44;44;"SAMP";0;0;0;"16/05/2018 15:46:19";;1.021;9307;;0.938;9273;;1.498;13766;;
"cs217";45;45;"SAMP";0;0;0;"16/05/2018 15:47:19";;0.667;7338;;0.099;4301;;1.735;15019;;
"cs218";46;46;"SAMP";0;0;0;"16/05/2018 15:48:19";;0.661;7309;;0.011;3775;;1.184;12103;;
"cs219";47;47;"SAMP";0;0;0;"16/05/2018 15:49:19";;0.813;8152;;0.091;4253;;1.799;15361;;
"cs220";48;48;"SAMP";0;0;0;"16/05/2018 15:50:19";;0.834;8270;;0.096;4279;;1.473;13631;;
"cs221";49;49;"SAMP";0;0;0;"16/05/2018 15:51:19";;0.682;7424;;0.016;3809;;1.098;11647;;
"cs222";50;50;"SAMP";0;0;0;"16/05/2018 15:52:19";;0.713;7595;;0.099;4298;;1.850;15631;;
"cs223";51;51;"SAMP";0;0;0;"16/05/2018 15:53:19";;0.936;8836;;0.645;7533;;1.639;14513;;
"cs224";52;52;"SAMP";0;0;0;"16/05/2018 15:54:19";;0.746;7782;;0.045;3977;;1.304;12741;;
"cs225";53;53;"SAMP";0;0;0;"16/05/2018 15:55:19";;0.705;7552;;0.075;4157;;1.677;14711;;
"cs226";54;54;"SAMP";0;0;0;"16/05/2018 15:56:19";;0.698;7515;;0.054;4033;;1.665;14651;;
"cs227";55;55;"SAMP";0;0;0;"16/05/2018 15:57:19";;0.826;8225;;0.152;4613;;1.471;13622;;
"cs228";56;56;"SAMP";0;0;0;"16/05/2018 15:58:19";;0.695;7495;;0.088;4235;;1.679;14724;;
"cs229";57;57;"SAMP";0;0;0;"16/05/2018 15:59:19";;0.693;7484;;-0.013;3637;;0.856;10366;;
"cs230";58;58;"SAMP";0;0;0;"16/05/2018 16:00:19";;0.738;7733;;0.039;3942;;1.167;12013;;
"cs231";59;59;"SAMP";0;0;0;"16/05/2018 16:01:19";;0.921;8755;;0.733;8058;;1.840;15577;;
"cs232";60;60;"SAMP";0;0;0;"16/05/2018 16:02:19";;0.736;7726;;0.032;3901;;0.999;11126;;
"cs233";61;61;"SAMP";0;0;0;"16/05/2018 16:03:19";;0.713;7597;;0.104;4326;;1.853;15645;;
"cs234";62;62;"SAMP";0;0;0;"16/05/2018 16:04:19";;0.713;7597;;0.115;4391;;1.815;15444;;
"cs235";63;63;"SAMP";0;0;0;"16/05/2018 16:05:19";;0.689;7462;;0.049;4000;;1.871;15739;;
"cs236";64;64;"SAMP";0;0;0;"16/05/2018 16:06:19";;0.704;7546;;-0.003;3692;;0.987;11060;;
"cs237";65;65;"SAMP";0;0;0;"16/05/2018 16:07:19";;0.741;7753;;0.008;3761;;1.612;14368;;
"cs238";66;66;"SAMP";0;0;0;"16/05/2018 16:08:19";;0.931;8807;;0.703;7881;;1.823;15487;;
"Drift";67;67;"DRIF";0;0;0;"16/05/2018 16:09:19";;9.962;59042;;9.864;62177;;9.953;58520;;
"Hight";68;68;"HIGH";0;1;1;"16/05/2018 16:10:19";;9.966;59064;;9.730;61382;;9.362;55391;;
"Low";69;69;"LOW ";0;1;2;"16/05/2018 16:11:19";;0.062;3972;;0.138;4529;;-0.395;3748;;
"Low";70;70;"LOW ";0;1;3;"16/05/2018 16:12:19";;0.062;3972;;0.138;4529;;0.348;7677;;
"0";71;0;"END ";0;0;0;"16/05/2018 16:13:19";;-0.072;3229;;-0.081;3232;;-0.803;1587;;
